14,53.024288,27.555367
13,53.024288,27.555367
13,53.024288,27.555367
13,53.024288,27.555367
14,53.024288,27.555367
14,53.024288,27.555367
13,53.024288,27.555367
15,53.024288,27.555367
14,53.024288,27.555367
12,53.024288,27.555367
13,53.024288,27.555367
14,53.024288,27.555367
14,53.024288,27.555367
14,53.024288,27.555367
12,53.024288,27.555367
13,53.024288,27.555367
14,53.024288,27.555367
11,53.024288,27.555367
14,53.024288,27.555367
12,53.024288,27.555367
12,53.024288,27.555367
12,53.024288,27.555367
12,53.024288,27.555367
11,53.024288,27.555367
12,53.024288,27.555367
12,53.024288,27.555367
13,53.024288,27.555367
12,53.024288,27.555367
11,53.024288,27.555367
12,53.024288,27.555367
12,53.024288,27.555367
12,53.024288,27.555367
11,53.024288,27.555367
12,53.024288,27.555367
13,53.024288,27.555367
13,53.024288,27.555367
12,53.024288,27.555367
12,53.024288,27.555367
11,53.024288,27.555367
11,53.024288,27.555367
12,53.024288,27.555367
13,53.024288,27.555367
16,53.024288,27.555367
14,53.024288,27.555367
12,53.024288,27.555367
11,53.024288,27.555367
13,53.024288,27.555367
13,53.024288,27.555367
13,53.024288,27.555367
14,53.024288,27.555367
14,53.024288,27.555367
14,53.024288,27.555367
15,53.024288,27.555367
14,53.024288,27.555367
13,53.024288,27.555367
16,53.024288,27.555367
15,53.024288,27.555367
16,53.024288,27.555367
14,53.024288,27.555367
15,53.024288,27.555367
16,53.024288,27.555367
15,53.024288,27.555367
14,53.024288,27.555367
14,53.024288,27.555367
14,53.024288,27.555367
15,53.024288,27.555367
15,53.024288,27.555367
15,53.024288,27.555367
16,53.024288,27.555367
15,53.024288,27.555367
17,53.024288,27.555367
13,53.024288,27.555367
15,53.024288,27.555367
14,53.024288,27.555367
12,53.024288,27.555367
14,53.024288,27.555367
13,53.024288,27.555367
14,53.024288,27.555367
14,53.024288,27.555367
14,53.024288,27.555367
14,53.024288,27.555367
14,53.024288,27.555367
14,53.024288,27.555367
14,53.024288,27.555367
14,53.024288,27.555367
13,53.024288,27.555367
15,53.024288,27.555367
17,53.024288,27.555367
15,53.024288,27.555367
16,53.024288,27.555367
14,53.024288,27.555367
15,53.024288,27.555367
15,53.024288,27.555367
14,53.024288,27.555367
15,53.024288,27.555367
16,53.024288,27.555367
14,53.024288,27.555367
14,53.024288,27.555367
15,53.024288,27.555367
14,53.024288,27.555367
15,53.024288,27.555367
14,53.024288,27.555367
13,53.024288,27.555367
12,53.024288,27.555367
12,53.024288,27.555367
16,53.024288,27.555367
15,53.024288,27.555367
15,53.024288,27.555367
14,53.024288,27.555367
13,53.024288,27.555367
14,53.024288,27.555367
13,53.024288,27.555367
13,53.024288,27.555367
12,53.024288,27.555367
14,53.024288,27.555367
13,53.024288,27.555367
12,53.024288,27.555367
13,53.024288,27.555367
13,53.024288,27.555367
13,53.024288,27.555367
11,53.024288,27.555367
12,53.024288,27.555367
13,53.024288,27.555367
11,53.024288,27.555367
12,53.024288,27.555367
14,53.024288,27.555367
15,53.024288,27.555367
14,53.024288,27.555367
14,53.024288,27.555367
13,53.024288,27.555367
13,53.024288,27.555367
13,53.024288,27.555367
14,53.024288,27.555367
14,53.024288,27.555367
15,53.024288,27.555367
14,53.024288,27.555367
14,53.024288,27.555367
15,53.024288,27.555367
13,53.024288,27.555367
14,53.024288,27.555367
15,53.024288,27.555367
12,53.024288,27.555367
13,53.024288,27.555367
13,53.024288,27.555367
13,53.024288,27.555367
13,53.024288,27.555367
15,53.024288,27.555367
14,53.024288,27.555367
14,53.024288,27.555367
14,53.024288,27.555367
12,53.024288,27.555367
14,53.024288,27.555367
14,53.024288,27.555367
12,53.024288,27.555367
10,53.024288,27.555367
13,53.024288,27.555367
11,53.024288,27.555367
12,53.024288,27.555367
12,53.024288,27.555367
11,53.024288,27.555367
10,53.024288,27.555367
12,53.024288,27.555367
11,53.024288,27.555367
12,53.024288,27.555367
12,53.024288,27.555367
11,53.024288,27.555367
12,53.024288,27.555367
13,53.024288,27.555367
13,53.024288,27.555367
13,53.024288,27.555367
13,53.024288,27.555367
13,53.024288,27.555367
12,53.024288,27.555367
11,53.024288,27.555367
13,53.024288,27.555367
13,53.024288,27.555367
13,53.024288,27.555367
14,53.024288,27.555367
14,53.024288,27.555367
13,53.024288,27.555367
13,53.024288,27.555367
14,53.024288,27.555367
11,53.024288,27.555367
13,53.024288,27.555367
11,53.024288,27.555367
12,53.024288,27.555367
13,53.024288,27.555367
12,53.024288,27.555367
14,53.024288,27.555367
14,53.024288,27.555367
13,53.024288,27.555367
13,53.024288,27.555367
13,53.024288,27.555367
13,53.024288,27.555367
14,53.024288,27.555367
12,53.024288,27.555367
13,53.024288,27.555367
14,53.024288,27.555367
15,53.024288,27.555367
10,53.024288,27.555367
12,53.024582,27.55551
11,53.024574,27.555532
12,53.024555,27.555592
13,53.024517,27.555698
15,53.024567,27.555815
16,53.024609,27.555836
16,53.024673,27.55582
15,53.024803,27.55574
15,53.025013,27.555523
17,53.026028,27.553879
17,53.026054,27.553736
17,53.02602,27.553656
13,53.0257,27.553074
13,53.025494,27.552769
13,53.025238,27.552519
13,53.025002,27.552391
18,53.023735,27.551785
17,53.023312,27.551311
17,53.022217,27.550104
17,53.020939,27.548832
17,53.019798,27.547688
18,53.017277,27.544317
18,53.01717,27.544151
17,53.016304,27.543043
18,53.015282,27.541733
18,53.014248,27.540396
18,53.014103,27.540186
18,53.01379,27.539761
18,53.013069,27.538746
18,53.012642,27.538113
15,53.011501,27.536394
17,53.011368,27.536255
16,53.011372,27.536257
16,53.011372,27.536257
15,53.011372,27.536257
15,53.011372,27.536257
15,53.011284,27.536129
17,53.010929,27.535675
16,53.008537,27.532278
17,53.008438,27.531933
17,53.008255,27.531019
16,53.008137,27.530327
14,53.007595,27.527103
17,53.007187,27.524733
16,53.007145,27.524416
16,53.007133,27.524298
16,53.007179,27.52426
15,53.007236,27.524261
15,53.007252,27.52421
15,53.007252,27.52421
14,53.007252,27.52421
15,53.007252,27.52421
15,53.007252,27.52421
14,53.007252,27.52421
16,53.007252,27.52421
15,53.007252,27.52421
15,53.007252,27.52421
15,53.007332,27.524326
15,53.007286,27.524294
16,53.007233,27.524269
17,53.007133,27.524223
17,53.007107,27.524162
17,53.006973,27.523584
16,53.006512,27.521059
16,53.005688,27.516306
15,53.005322,27.51441
16,53.004391,27.508745
15,53.00354,27.503702
16,53.002838,27.499716
14,53.002625,27.498444
15,53.002533,27.497959
16,53.002533,27.497896
16,53.002533,27.497875
15,53.002506,27.497702
15,53.002438,27.497417
16,53.002361,27.497005
17,53.002365,27.496895
17,53.00238,27.49678
17,53.002453,27.496563
17,53.002781,27.495813
17,53.002998,27.495344
17,53.003681,27.493904
17,53.004745,27.4918
17,53.005878,27.489687
17,53.006882,27.488554
17,53.008224,27.487621
17,53.011333,27.486717
18,53.014549,27.486132
18,53.016235,27.485758
18,53.01667,27.485653
18,53.017353,27.485458
17,53.017513,27.485413
17,53.017612,27.485382
18,53.017708,27.485361
18,53.017838,27.485319
18,53.018177,27.485235
18,53.018639,27.485119
18,53.018997,27.485031
17,53.019943,27.484791
18,53.021721,27.484463
18,53.02441,27.484337
18,53.027603,27.484674
16,53.030827,27.485491
17,53.033894,27.486706
17,53.037083,27.487947
18,53.040443,27.489313
18,53.041664,27.490021
18,53.042995,27.491484
17,53.04388,27.492977
18,53.045177,27.496487
17,53.04652,27.501564
17,53.047222,27.506773
18,53.047722,27.512217
18,53.048248,27.51755
18,53.048782,27.522947
15,53.049847,27.528149
18,53.051373,27.532787
18,53.053284,27.536875
17,53.055611,27.540417
17,53.058289,27.543356
16,53.061062,27.546074
17,53.063808,27.548788
16,53.066597,27.551554
17,53.06934,27.554228
18,53.072075,27.556976
16,53.07476,27.559799
17,53.077473,27.562473
15,53.080303,27.565212
18,53.083176,27.567753
17,53.084763,27.568714
17,53.08799,27.569521
17,53.089123,27.569746
18,53.092312,27.570435
18,53.095509,27.570932
16,53.099026,27.571278
18,53.102127,27.570379
17,53.105373,27.569269
18,53.108841,27.568106
17,53.112118,27.566895
17,53.115246,27.565849
17,53.118462,27.564692
17,53.121601,27.563589
17,53.12479,27.562477
17,53.127953,27.561384
17,53.130455,27.560093
17,53.13216,27.558544
16,53.134747,27.555431
16,53.136688,27.553596
17,53.138252,27.552731
17,53.140343,27.552217
16,53.143509,27.552166
17,53.146664,27.552151
17,53.149948,27.552145
16,53.153099,27.55201
17,53.156258,27.551878
17,53.159424,27.551805
17,53.162651,27.551735
17,53.165848,27.551693
17,53.169098,27.551649
17,53.172329,27.551575
17,53.175545,27.551542
17,53.17889,27.551456
16,53.182133,27.551331
17,53.185352,27.551256
17,53.188641,27.551195
17,53.191895,27.551121
17,53.19511,27.551054
16,53.19836,27.551023
17,53.201622,27.551003
16,53.20488,27.550911
17,53.208157,27.550898
17,53.21138,27.550859
17,53.214638,27.5508
17,53.217148,27.550722
17,53.219757,27.550695
17,53.220005,27.550686
17,53.220173,27.550705
16,53.220287,27.550699
17,53.220848,27.550697
17,53.221298,27.550684
17,53.222065,27.550682
17,53.223309,27.550642
17,53.225513,27.550606
17,53.228718,27.550554
15,53.232037,27.55052
15,53.235268,27.550451
15,53.238522,27.550461
15,53.241821,27.550432
15,53.244976,27.550407
15,53.24826,27.550352
15,53.251595,27.550367
14,53.254879,27.550371
15,53.25819,27.550308
15,53.261497,27.550304
15,53.264793,27.550234
15,53.268211,27.550186
15,53.271473,27.550236
15,53.274712,27.550177
16,53.277908,27.550089
14,53.281124,27.549978
14,53.284374,27.549971
14,53.28759,27.549334
13,53.290833,27.547949
14,53.293926,27.546591
13,53.296986,27.545231
13,53.300243,27.543798
13,53.303333,27.542439
14,53.306385,27.541103
12,53.309429,27.539738
15,53.312481,27.538349
14,53.315567,27.537022
14,53.318657,27.535648
12,53.321712,27.534321
13,53.324909,27.532909
12,53.328114,27.531479
13,53.331318,27.530031
12,53.33453,27.528572
13,53.337627,27.527056
14,53.34063,27.525085
12,53.3438,27.523052
14,53.346928,27.520998
14,53.349911,27.519041
14,53.352951,27.517096
14,53.35598,27.515129
12,53.359104,27.513147
13,53.362129,27.511217
14,53.365372,27.509125
15,53.368423,27.506941
15,53.371326,27.504269
15,53.373978,27.501104
14,53.376457,27.497406
13,53.378967,27.493704
14,53.380829,27.491354
13,53.383465,27.489395
13,53.38657,27.487431
13,53.389908,27.485292
12,53.39291,27.483452
13,53.396099,27.482042
13,53.399368,27.481213
13,53.402515,27.481035
14,53.405842,27.481588
13,53.409039,27.482742
13,53.412022,27.48443
13,53.415016,27.486794
13,53.417988,27.489311
14,53.421005,27.491625
15,53.424026,27.493177
13,53.427208,27.494234
15,53.430408,27.494627
13,53.43362,27.494373
15,53.436874,27.493452
14,53.440037,27.491884
14,53.442978,27.489744
13,53.445862,27.486902
13,53.448498,27.483809
14,53.451225,27.480545
15,53.453892,27.477238
14,53.45647,27.474159
13,53.459026,27.471016
13,53.46175,27.468224
14,53.46476,27.465874
14,53.468025,27.46397
13,53.47113,27.463055
13,53.4743,27.462513
13,53.477509,27.462564
14,53.480793,27.463358
14,53.484016,27.464682
15,53.487049,27.466167
16,53.490162,27.467688
15,53.493271,27.469233
15,53.496292,27.470695
15,53.499374,27.472349
15,53.502724,27.474062
17,53.505886,27.475031
16,53.509193,27.475254
12,53.512352,27.47497
12,53.515533,27.474089
13,53.51865,27.473217
15,53.521797,27.473009
15,53.525002,27.473431
15,53.528252,27.473982
15,53.531425,27.474543
14,53.534615,27.475063
15,53.537849,27.475653
15,53.541004,27.476229
16,53.544258,27.476727
16,53.547443,27.476826
14,53.550991,27.476145
15,53.554272,27.475262
14,53.557495,27.474382
15,53.560764,27.473524
16,53.564018,27.472652
16,53.56723,27.471786
16,53.570423,27.470896
16,53.573547,27.470095
16,53.576736,27.469284
16,53.580013,27.468426
16,53.583183,27.467581
16,53.58633,27.466642
16,53.589455,27.465759
16,53.592659,27.464849
16,53.594666,27.464472
16,53.598141,27.464437
15,53.601402,27.46467
14,53.604576,27.464865
13,53.607841,27.465044
16,53.611118,27.465261
15,53.614433,27.465475
16,53.617588,27.465666
16,53.620865,27.465843
15,53.624081,27.466
16,53.62735,27.466228
15,53.630535,27.466408
16,53.633862,27.466621
15,53.637108,27.466764
16,53.640408,27.466988
17,53.643616,27.467432
17,53.646767,27.468597
16,53.649803,27.470316
17,53.652782,27.472639
17,53.65551,27.475601
17,53.658192,27.478739
17,53.660809,27.481857
17,53.663509,27.485016
17,53.666229,27.488245
16,53.668983,27.491434
17,53.671829,27.494879
15,53.674496,27.498137
17,53.677082,27.501177
17,53.67984,27.504208
17,53.682629,27.507036
17,53.685471,27.509899
17,53.688183,27.512815
17,53.690716,27.516323
17,53.692867,27.520439
17,53.694256,27.522694
17,53.695713,27.524336
15,53.697285,27.525452
15,53.697632,27.525684
16,53.699314,27.526251
16,53.701145,27.526402
15,53.702808,27.525888
17,53.704636,27.524841
17,53.706852,27.522945
17,53.709759,27.520693
17,53.711353,27.520073
17,53.714542,27.519539
16,53.717701,27.518942
16,53.720852,27.518755
16,53.724072,27.518564
16,53.724758,27.518766
16,53.725517,27.519403
15,53.72821,27.522467
16,53.728573,27.522999
16,53.728874,27.523623
14,53.729713,27.526548
14,53.731007,27.531641
11,53.731956,27.536974
13,53.7327,27.542431
16,53.733368,27.547882
15,53.73391,27.553288
16,53.734409,27.558733
16,53.735077,27.564541
17,53.735596,27.569975
15,53.736187,27.575451
15,53.736725,27.58073
14,53.737286,27.586069
13,53.737858,27.591396
16,53.738388,27.596741
17,53.738899,27.602255
16,53.739475,27.607641
15,53.74012,27.612911
15,53.741013,27.618107
14,53.742149,27.623127
17,53.743591,27.62809
17,53.745239,27.632706
15,53.747227,27.637157
13,53.749367,27.641199
13,53.751522,27.645462
13,53.753422,27.649731
13,53.755199,27.654461
14,53.75687,27.659361
15,53.758614,27.664133
18,53.760529,27.668528
18,53.762623,27.672686
16,53.764835,27.676878
15,53.767029,27.680893
13,53.769279,27.685062
13,53.771378,27.689018
14,53.773514,27.692968
14,53.775726,27.69701
17,53.777908,27.70112
13,53.780151,27.705271
13,53.782272,27.709196
17,53.784428,27.713223
17,53.78651,27.71736
16,53.788437,27.721794
16,53.790199,27.726601
16,53.791672,27.731525
14,53.792976,27.736385
15,53.794041,27.741528
14,53.79493,27.746664
16,53.79591,27.751751
14,53.796787,27.756903
16,53.797794,27.762133
13,53.79866,27.767282
16,53.799686,27.77252
16,53.800644,27.777824
17,53.801643,27.782978
15,53.802834,27.788021
17,53.804203,27.792866
16,53.805843,27.797579
16,53.807644,27.802034
17,53.809639,27.80629
17,53.811852,27.810476
17,53.814125,27.81455
17,53.816265,27.818478
17,53.817673,27.821079
17,53.818813,27.823069
16,53.820984,27.827074
15,53.823193,27.831104
16,53.825348,27.835005
16,53.827469,27.839043
16,53.829586,27.843203
16,53.831722,27.847399
16,53.833858,27.851553
16,53.836071,27.855696
15,53.838161,27.859884
15,53.840317,27.864042
17,53.842403,27.868093
17,53.844818,27.872776
17,53.847012,27.877045
17,53.849174,27.881231
15,53.851307,27.885336
14,53.853439,27.889431
16,53.855522,27.893442
17,53.857658,27.89756
16,53.859741,27.901573
16,53.861851,27.905624
13,53.864765,27.911316
13,53.866993,27.915375
14,53.86903,27.919437
14,53.871342,27.923328
15,53.873802,27.92704
17,53.876499,27.930346
17,53.87936,27.933336
17,53.882252,27.935892
16,53.885265,27.938194
17,53.888233,27.939972
16,53.891285,27.941481
14,53.894432,27.942905
14,53.89801,27.944578
14,53.901039,27.946079
14,53.904137,27.947531
12,53.907246,27.948971
12,53.910343,27.950481
12,53.913635,27.952049
13,53.916817,27.953489
14,53.920013,27.954979
12,53.92448,27.957069
12,53.927685,27.958565
12,53.930763,27.960012
13,53.933853,27.961519
13,53.937759,27.964006
14,53.940659,27.966459
14,53.943325,27.969351
16,53.945999,27.972649
16,53.94836,27.976324
16,53.950512,27.980261
14,53.952545,27.984898
14,53.95425,27.989466
14,53.955734,27.994341
13,53.957218,27.999414
12,53.958649,28.004326
14,53.960045,28.009279
14,53.961456,28.014126
14,53.962891,28.019159
14,53.964569,28.025135
14,53.965958,28.029936
14,53.967361,28.034807
13,53.968803,28.039652
14,53.970173,28.044687
13,53.971664,28.049629
13,53.973225,28.054289
14,53.974903,28.059004
14,53.9767,28.063808
14,53.978512,28.068438
14,53.980286,28.073086
14,53.982094,28.077854
13,53.983738,28.082478
14,53.985321,28.087202
14,53.986782,28.09194
14,53.988232,28.097151
13,53.989559,28.10228
15,53.990768,28.107515
15,53.992031,28.112534
15,53.993259,28.117691
15,53.994469,28.122637
14,53.995708,28.127842
14,53.996922,28.132874
15,53.998257,28.138037
15,53.999706,28.143164
15,54.001171,28.147924
14,54.002708,28.152628
16,54.004459,28.157383
16,54.006153,28.162245
16,54.007786,28.166843
15,54.009453,28.171642
15,54.010921,28.176607
15,54.012379,28.181696
15,54.013699,28.186703
14,54.014912,28.191919
16,54.01598,28.197155
16,54.01696,28.202511
16,54.017838,28.207977
16,54.018627,28.213486
16,54.019241,28.218946
16,54.019791,28.224255
16,54.019978,28.227381
16,54.020096,28.229006
16,54.020157,28.229652
16,54.020168,28.229898
16,54.020153,28.229971
16,54.020115,28.230022
16,54.020069,28.230047
16,54.020023,28.230053
16,54.019966,28.23003
16,54.01926,28.229799
16,54.01812,28.229347
16,54.017933,28.229177
16,54.017612,28.228743
16,54.017509,28.228466
16,54.017296,28.227715
16,54.017269,28.227575
16,54.017269,28.227488
16,54.017277,28.227411
16,54.017319,28.227329
16,54.017361,28.22728
16,54.01786,28.226984
16,54.01844,28.226723
16,54.021271,28.225449
16,54.024467,28.224556
16,54.025696,28.224268
15,54.028568,28.221886
16,54.031448,28.219618
15,54.031712,28.21944
15,54.03183,28.219337
16,54.03191,28.219273
16,54.031925,28.219267
16,54.031925,28.219267
16,54.032036,28.219358
16,54.032276,28.219992
16,54.032551,28.220728
16,54.032986,28.222027
16,54.033695,28.223845
16,54.034904,28.22719
14,54.036598,28.231943
16,54.038342,28.23665
15,54.040016,28.241354
16,54.041786,28.245785
13,54.043537,28.250574
16,54.044682,28.253565
16,54.045162,28.254284
16,54.045765,28.254707
14,54.048927,28.256021
15,54.0513,28.257095
16,54.051716,28.257505
16,54.052048,28.258129
14,54.053932,28.262548
16,54.055779,28.266979
15,54.057667,28.271864
15,54.05965,28.276384
15,54.062023,28.280319
15,54.064377,28.284254
15,54.066628,28.288012
13,54.068954,28.291832
14,54.071274,28.295652
16,54.073608,28.299572
14,54.075993,28.303473
16,54.07832,28.307343
16,54.080677,28.311237
16,54.082947,28.315092
16,54.083607,28.316135
16,54.085644,28.319439
16,54.085888,28.319817
16,54.08601,28.319983
17,54.086182,28.320246
17,54.086369,28.32069
17,54.086388,28.320736
17,54.086388,28.320736
18,54.086395,28.320845
18,54.086742,28.321316
18,54.087128,28.321932
18,54.087818,28.323147
18,54.090122,28.326891
19,54.092407,28.330742
18,54.092731,28.331264
19,54.092793,28.331327
19,54.092846,28.331362
18,54.092899,28.331377
17,54.092953,28.331366
17,54.09306,28.331303
18,54.093315,28.331091
18,54.093369,28.331076
19,54.093414,28.331097
18,54.09346,28.331179
18,54.093742,28.331758
18,54.093914,28.332121
18,54.094658,28.333725
16,54.094872,28.334127
18,54.095146,28.334785
18,54.097103,28.339012
19,54.099033,28.343267
19,54.099819,28.344786
17,54.101082,28.346533
17,54.101254,28.346802
18,54.101414,28.347027
18,54.10149,28.347111
19,54.10149,28.347111
19,54.101585,28.347252
17,54.101936,28.347717
18,54.10265,28.34878
18,54.102898,28.349211
18,54.103264,28.349867
18,54.104324,28.351685
17,54.104439,28.351954
17,54.1045,28.352108
17,54.104568,28.352139
17,54.104637,28.352077
17,54.104691,28.351963
15,54.105145,28.351158
17,54.105927,28.349848
16,54.106312,28.349237
15,54.106964,28.347902
15,54.106968,28.347786
15,54.10696,28.347673
15,54.106945,28.347574
15,54.106865,28.347366
16,54.106228,28.34627
17,54.105461,28.344933
17,54.105362,28.344675
17,54.105305,28.344357
17,54.105286,28.344048
17,54.105324,28.343775
17,54.105396,28.343519
17,54.106087,28.341667
16,54.106659,28.34025
17,54.107113,28.339159
17,54.107185,28.339079
17,54.107254,28.33906
17,54.107327,28.339085
16,54.107391,28.339188
16,54.107548,28.339531
16,54.107883,28.3402
17,54.108887,28.341742
17,54.110222,28.343599
17,54.110413,28.343826
17,54.110844,28.344427
17,54.111401,28.345222
17,54.112415,28.346647
17,54.113083,28.347532
17,54.113979,28.348803
17,54.115852,28.351404
16,54.115952,28.351566
17,54.115993,28.351633
17,54.115993,28.351639
15,54.116016,28.351658
16,54.116177,28.351871
17,54.116482,28.35227
17,54.116943,28.35294
17,54.118561,28.355185
16,54.119488,28.356432
16,54.121971,28.359907
17,54.124538,28.363371
16,54.127007,28.366781
17,54.127666,28.367725
17,54.128433,28.368826
16,54.128567,28.369135
17,54.128654,28.369442
17,54.128799,28.369858
17,54.128857,28.369913
17,54.128914,28.369947
17,54.129318,28.370138
16,54.129551,28.370377
16,54.130268,28.371422
17,54.131847,28.37364
16,54.134373,28.377087
17,54.136887,28.380451
16,54.139103,28.38364
17,54.139755,28.384598
17,54.13987,28.384855
17,54.139984,28.385317
17,54.14003,28.385393
17,54.140083,28.385448
17,54.140198,28.385521
16,54.14053,28.385654
17,54.140739,28.385874
15,54.141369,28.386736
15,54.142605,28.388453
17,54.145123,28.391932
17,54.147614,28.395411
18,54.15007,28.398796
18,54.152618,28.402363
16,54.155468,28.406315
14,54.157909,28.409744
12,54.160435,28.413174
16,54.16293,28.416664
14,54.165394,28.420059
15,54.167896,28.423603
14,54.170418,28.42704
15,54.172844,28.430464
14,54.175652,28.434248
12,54.178143,28.43775
13,54.180557,28.441561
11,54.182781,28.445543
13,54.184975,28.449535
13,54.187218,28.453667
13,54.189453,28.457644
15,54.191612,28.461687
16,54.193817,28.465694
17,54.195202,28.468231
17,54.195469,28.468746
16,54.195518,28.468967
14,54.195534,28.469215
15,54.195564,28.469929
16,54.195629,28.47016
16,54.19574,28.470362
16,54.195873,28.47051
15,54.196751,28.471188
15,54.197048,28.471609
16,54.198044,28.473494
15,54.198898,28.474972
17,54.201145,28.479023
17,54.202244,28.480942
17,54.202484,28.481266
17,54.202637,28.481474
16,54.202679,28.481554
17,54.202682,28.481562
17,54.202709,28.481602
18,54.202915,28.481874
18,54.203041,28.482031
17,54.203476,28.482468
17,54.204735,28.483519
17,54.20755,28.485151
16,54.210312,28.486639
17,54.2118,28.4874
17,54.212749,28.487938
17,54.213238,28.488216
17,54.213749,28.488503
15,54.214115,28.488735
14,54.215439,28.489401
16,54.218464,28.490978
15,54.218849,28.491211
15,54.219028,28.491329
15,54.21912,28.491383
15,54.219128,28.491385
16,54.219128,28.491385
16,54.219208,28.491446
15,54.21954,28.491653
15,54.220047,28.491938
16,54.222416,28.493116
16,54.222576,28.493235
15,54.222622,28.493261
14,54.222622,28.493261
13,54.222622,28.493261
16,54.222622,28.493261
16,54.222801,28.493383
15,54.222839,28.493427
15,54.222904,28.493544
14,54.223042,28.49395
14,54.223541,28.4956
14,54.224106,28.496967
13,54.224148,28.497093
13,54.224358,28.497635
12,54.22472,28.498901
15,54.225853,28.50198
15,54.22596,28.502232
16,54.226002,28.502316
16,54.226006,28.502325
15,54.22604,28.502394
16,54.226086,28.502501
15,54.226273,28.503052
16,54.226883,28.504877
16,54.226929,28.504993
16,54.226929,28.505005
15,54.226952,28.505003
14,54.226974,28.505198
15,54.22694,28.505316
14,54.226879,28.505419
15,54.226692,28.505653
15,54.225498,28.507235
16,54.225449,28.507336
16,54.22543,28.507441
16,54.225353,28.507689
15,54.225182,28.508492
15,54.224945,28.509438
13,54.224815,28.510111
14,54.224773,28.510153
14,54.224751,28.510134
14,54.224739,28.51012
12,54.224709,28.510098
12,54.224678,28.510073
13,54.224663,28.510061
14,54.224602,28.51004
14,54.224464,28.509947
13,54.224449,28.509937
13,54.224422,28.509899
14,54.224411,28.509888
14,54.224377,28.509846
13,54.224365,28.509836
14,54.224316,28.509834
14,54.224285,28.509914
14,54.224297,28.509958
16,54.224297,28.509958
15,54.224297,28.509958
15,54.224297,28.509958
16,54.224297,28.509958
15,54.224297,28.509958
16,54.224297,28.509958
16,54.224297,28.509958
17,54.224297,28.509958
13,54.224297,28.509958
15,54.224297,28.509958
15,54.224297,28.509958
14,54.224297,28.509958
14,54.224297,28.509958
15,54.224297,28.509958
14,54.224297,28.509958
15,54.224297,28.509958
14,54.224297,28.509958
14,54.224297,28.509958
17,54.224297,28.509958
15,54.224297,28.509958
16,54.224297,28.509958
16,54.224297,28.509958
16,54.224297,28.509958
17,54.224365,28.509939
17,54.224411,28.509932
14,54.224514,28.510029
14,54.224525,28.510036
14,54.224632,28.510122
16,54.224674,28.510153
12,54.224709,28.510185
12,54.224716,28.510189
16,54.224815,28.510201
16,54.224873,28.510109
15,54.224998,28.509653
15,54.225552,28.507418
16,54.225613,28.50732
12,54.225815,28.506998
14,54.226089,28.506578
15,54.226288,28.506292
15,54.226433,28.506117
15,54.22665,28.505821
15,54.226662,28.505808
16,54.226795,28.505629
17,54.227112,28.505209
18,54.227898,28.504128
17,54.228485,28.503588
17,54.228748,28.503458
17,54.228958,28.503513
17,54.229202,28.503681
17,54.229462,28.503969
18,54.229713,28.504326
16,54.230747,28.50601
17,54.230858,28.506161
17,54.230862,28.506161
19,54.230862,28.506161
19,54.230862,28.506161
18,54.230862,28.506161
19,54.230862,28.506161
19,54.231022,28.506359
19,54.231316,28.50672
18,54.231766,28.507208
17,54.232235,28.507668
18,54.235123,28.510296
17,54.235531,28.510702
18,54.235783,28.510929
19,54.235962,28.51107
19,54.236065,28.511168
19,54.236156,28.511251
19,54.236156,28.511251
20,54.236156,28.511251
20,54.236156,28.511251
20,54.236336,28.511415
19,54.236652,28.511763
19,54.237156,28.512466
19,54.237282,28.512766
20,54.237373,28.513254
20,54.237392,28.513546
20,54.237377,28.514025
20,54.237446,28.51432
20,54.23756,28.514574
20,54.23774,28.514717
19,54.238346,28.515123
20,54.238564,28.515547
20,54.238773,28.516088
19,54.239811,28.521099
20,54.240952,28.526388
19,54.241524,28.52812
20,54.241653,28.528519
19,54.241848,28.529093
19,54.24192,28.529316
19,54.242165,28.530094
19,54.242458,28.530994
20,54.24395,28.535822
19,54.244007,28.535995
20,54.24403,28.536072
20,54.244076,28.536177
19,54.244122,28.536316
20,54.244297,28.536825
20,54.244663,28.538052
20,54.245415,28.540438
20,54.245522,28.540754
20,54.2458,28.541565
18,54.246391,28.543413
19,54.247746,28.547766
18,54.249077,28.551939
17,54.250648,28.556833
18,54.25135,28.559153
20,54.252918,28.564039
20,54.254257,28.568081
19,54.255497,28.57258
17,54.256035,28.577948
14,54.256508,28.583582
14,54.256939,28.588923
13,54.257404,28.594431
14,54.257874,28.599991
16,54.258347,28.605524
17,54.258736,28.611015
15,54.259247,28.61727
14,54.259708,28.622908
15,54.260151,28.628401
18,54.260548,28.633902
18,54.260971,28.639385
18,54.261425,28.64525
18,54.261833,28.650604
19,54.262142,28.656137
18,54.262596,28.661543
18,54.262871,28.666981
19,54.262859,28.672348
18,54.263229,28.674723
19,54.26384,28.676704
19,54.264626,28.678404
18,54.267017,28.682102
18,54.267712,28.6835
16,54.268234,28.685041
19,54.269321,28.690308
17,54.269989,28.695601
18,54.270073,28.7012
19,54.270103,28.706743
16,54.270336,28.710827
18,54.270939,28.714108
19,54.272007,28.717455
15,54.274117,28.721811
16,54.276321,28.726078
14,54.278423,28.730167
18,54.280586,28.734354
18,54.28278,28.738573
19,54.284924,28.742851
18,54.287113,28.747114
19,54.289242,28.751242
17,54.290428,28.754318
19,54.291527,28.758265
19,54.291775,28.760309
18,54.291843,28.765034
19,54.291542,28.770615
18,54.291275,28.775993
18,54.291042,28.781603
18,54.290737,28.787226
17,54.290493,28.792976
17,54.29031,28.798473
18,54.290047,28.804132
18,54.289757,28.809759
15,54.289543,28.815231
18,54.289284,28.820843
18,54.289043,28.82649
18,54.289177,28.831123
18,54.28965,28.836708
19,54.290127,28.842138
19,54.290588,28.847769
18,54.290863,28.853125
15,54.290985,28.858719
17,54.291107,28.864431
16,54.291237,28.869928
17,54.291462,28.875633
16,54.29224,28.88109
17,54.29319,28.886883
14,54.294048,28.892382
16,54.294914,28.897743
18,54.29578,28.903042
15,54.2966,28.908358
17,54.297413,28.913746
16,54.298176,28.919016
17,54.298656,28.924463
17,54.299042,28.929968
17,54.299389,28.935463
15,54.299809,28.941055
16,54.300228,28.946503
17,54.300655,28.95192
16,54.301079,28.957426
17,54.301468,28.963055
18,54.301895,28.968634
18,54.302383,28.974234
18,54.303139,28.979591
17,54.304157,28.984924
16,54.305122,28.990114
14,54.306133,28.995337
15,54.307133,29.000523
16,54.308151,29.005754
16,54.30901,29.011082
15,54.309738,29.016365
15,54.310459,29.021721
17,54.311234,29.027046
17,54.312111,29.032448
17,54.313019,29.037668
17,54.31411,29.042767
16,54.315407,29.047689
17,54.317074,29.052614
17,54.318737,29.057444
16,54.320419,29.062317
17,54.322102,29.066959
17,54.323742,29.07172
15,54.325439,29.076517
15,54.327091,29.081118
16,54.328728,29.085764
15,54.330349,29.090481
16,54.332275,29.09527
16,54.334251,29.099701
17,54.336514,29.103857
16,54.338928,29.107695
17,54.341351,29.111233
17,54.343884,29.114552
16,54.346382,29.117914
17,54.348785,29.121445
16,54.350971,29.125416
16,54.352959,29.129637
18,54.354866,29.134066
18,54.356579,29.138931
17,54.358253,29.143829
18,54.359921,29.148779
18,54.361591,29.15373
19,54.363064,29.158777
18,54.364353,29.164043
18,54.365387,29.1693
18,54.366291,29.174629
17,54.367119,29.180149
15,54.36805,29.18569
17,54.368896,29.191053
17,54.36977,29.196442
17,54.370628,29.201981
17,54.371429,29.207327
18,54.37212,29.212811
15,54.372444,29.218399
16,54.37252,29.224119
16,54.372517,29.229746
15,54.372406,29.235153
16,54.372261,29.240561
16,54.372147,29.246004
16,54.372017,29.251583
16,54.371899,29.257185
14,54.371853,29.262611
14,54.371727,29.268045
14,54.371628,29.273676
12,54.371536,29.279119
15,54.371422,29.284615
17,54.371281,29.290127
17,54.371456,29.29571
16,54.372032,29.301119
18,54.372974,29.306602
17,54.374279,29.311728
16,54.375961,29.316782
17,54.377384,29.321587
15,54.378708,29.326717
17,54.37981,29.332247
18,54.380684,29.337622
18,54.381439,29.343174
18,54.382095,29.348612
18,54.382885,29.354115
18,54.383663,29.359764
16,54.38438,29.365135
14,54.385384,29.37035
18,54.386539,29.375486
18,54.387714,29.380814
17,54.388855,29.385902
17,54.389973,29.391159
15,54.391071,29.396341
14,54.3922,29.401663
16,54.393341,29.40683
13,54.394428,29.412043
12,54.395481,29.417355
13,54.396313,29.422705
13,54.396667,29.424694
13,54.397503,29.429996
12,54.398186,29.435482
13,54.398849,29.440821
13,54.399452,29.446232
14,54.400146,29.451508
16,54.400948,29.456923
13,54.401802,29.462311
16,54.40287,29.467619
16,54.403992,29.472897
14,54.405033,29.478222
14,54.406113,29.483543
14,54.407211,29.488928
15,54.408459,29.493954
15,54.409931,29.498825
17,54.411701,29.503605
17,54.413513,29.508348
15,54.415478,29.512884
13,54.417549,29.517635
12,54.41943,29.522024
15,54.421162,29.526857
17,54.422615,29.531713
13,54.423782,29.53697
12,54.425018,29.542152
16,54.426105,29.547358
17,54.427288,29.552568
18,54.428463,29.557865
17,54.429626,29.563354
19,54.430634,29.568684
18,54.431423,29.574156
17,54.43206,29.579609
18,54.43285,29.584969
17,54.433605,29.590345
18,54.434376,29.595844
17,54.434956,29.600651
13,54.435314,29.602345
17,54.435371,29.602695
17,54.435364,29.602831
18,54.435345,29.602932
17,54.435314,29.603031
17,54.435253,29.603199
17,54.434971,29.603685
17,54.43494,29.603819
17,54.434929,29.604006
17,54.434952,29.604187
19,54.435005,29.604486
17,54.435005,29.604486
19,54.435005,29.604486
16,54.435009,29.604599
18,54.435024,29.604713
18,54.43507,29.604795
18,54.435135,29.604856
18,54.435364,29.604952
18,54.435551,29.604988
18,54.435604,29.605042
18,54.435642,29.605131
18,54.435692,29.605328
18,54.435753,29.605726
18,54.435863,29.606585
18,54.436081,29.608086
17,54.436413,29.609987
16,54.436729,29.612143
16,54.437523,29.617411
16,54.438519,29.622839
16,54.439686,29.628021
16,54.441242,29.633093
16,54.442795,29.637976
17,54.44445,29.643087
17,54.44593,29.64789
16,54.447445,29.652967
16,54.44894,29.657841
18,54.450417,29.662798
18,54.451694,29.66791
18,54.452972,29.673019
18,54.454132,29.678137
19,54.455372,29.683296
19,54.456535,29.688566
17,54.457657,29.693924
18,54.458611,29.699127
19,54.459324,29.70471
19,54.459877,29.71034
18,54.460308,29.715794
18,54.460781,29.721186
18,54.461231,29.726671
18,54.461727,29.732109
18,54.462238,29.737724
17,54.462971,29.74329
18,54.463814,29.748524
15,54.464916,29.753778
17,54.466061,29.758976
15,54.467205,29.764044
14,54.468357,29.769138
14,54.469536,29.77426
15,54.470692,29.779329
13,54.471813,29.784565
14,54.472977,29.789881
14,54.474197,29.795113
13,54.475449,29.801048
12,54.476616,29.806326
16,54.477612,29.811609
16,54.47821,29.817209
16,54.478912,29.822792
15,54.47945,29.829365
15,54.479477,29.835051
13,54.47908,29.840569
13,54.478268,29.846077
15,54.477215,29.851374
13,54.47612,29.856773
15,54.475155,29.861925
16,54.474365,29.867216
17,54.473801,29.87277
14,54.473469,29.878176
16,54.473309,29.883581
17,54.473434,29.889219
17,54.473824,29.894888
17,54.474407,29.900459
15,54.475132,29.905941
15,54.475891,29.911465
16,54.476715,29.916695
16,54.477531,29.922253
17,54.478317,29.927711
15,54.479122,29.933109
16,54.479828,29.938417
16,54.480667,29.943687
17,54.481419,29.94898
16,54.482204,29.95434
17,54.483013,29.959679
17,54.483776,29.96524
15,54.484566,29.970686
15,54.485432,29.976154
16,54.486183,29.981453
15,54.486912,29.986904
15,54.487675,29.992208
15,54.488476,29.997532
14,54.489029,30.00136
14,54.489872,30.007137
14,54.490635,30.012447
14,54.491486,30.017803
15,54.492233,30.02331
15,54.492947,30.027384
16,54.494286,30.032291
15,54.495808,30.037174
17,54.497227,30.042122
17,54.498718,30.047218
15,54.49958,30.05051
16,54.500069,30.055939
14,54.500416,30.061527
16,54.500778,30.067102
16,54.501141,30.072742
16,54.501472,30.078171
16,54.501842,30.083561
15,54.502239,30.088974
16,54.502903,30.094515
13,54.503647,30.099945
16,54.504414,30.105328
16,54.505257,30.110888
16,54.506012,30.116446
15,54.506836,30.121939
15,54.508511,30.127258
15,54.510616,30.131512
16,54.512684,30.135599
14,54.514858,30.139828
14,54.516945,30.143957
14,54.519043,30.148125
13,54.521168,30.152227
12,54.523304,30.156488
13,54.525455,30.160749
14,54.52763,30.16506
15,54.52972,30.169308
14,54.531811,30.173504
14,54.533932,30.177679
14,54.536045,30.181946
14,54.538185,30.186207
14,54.540348,30.190454
15,54.542332,30.194658
15,54.543316,30.197771
14,54.543922,30.201422
15,54.544655,30.206875
14,54.545452,30.212156
14,54.546219,30.217621
14,54.546932,30.223015
14,54.54715,30.224846
16,54.547241,30.225965
15,54.547203,30.226562
16,54.547123,30.226892
16,54.546925,30.227346
16,54.546635,30.227779
15,54.545494,30.228939
16,54.542728,30.231592
15,54.539906,30.234522
15,54.53912,30.235636
15,54.538651,30.236565
16,54.53849,30.236898
16,54.538406,30.237019
16,54.538307,30.237076
15,54.538033,30.237177
15,54.537933,30.237314
16,54.537781,30.237722
16,54.537659,30.238203
16,54.537651,30.238449
15,54.537663,30.238571
15,54.53772,30.2388
16,54.537792,30.239143
16,54.537796,30.239391
16,54.537685,30.240501
15,54.537464,30.242302
16,54.536983,30.246912
15,54.536427,30.252279
13,54.535831,30.257858
15,54.535271,30.263416
14,54.534817,30.266138
15,54.533634,30.271229
15,54.532608,30.275974
15,54.531086,30.280884
14,54.529572,30.285797
13,54.52808,30.290819
13,54.527107,30.294163
15,54.525833,30.299368
16,54.525539,30.300673
16,54.525257,30.30188
14,54.523991,30.306843
15,54.52277,30.312035
15,54.522236,30.313715
16,54.521839,30.31451
16,54.521427,30.314964
14,54.520988,30.315306
16,54.518833,30.316786
14,54.517452,30.318476
15,54.516617,30.320004
15,54.515999,30.321428
15,54.515652,30.322365
16,54.515438,30.323229
14,54.515392,30.323568
15,54.515373,30.32395
16,54.515343,30.324507
15,54.515266,30.324913
15,54.515182,30.32518
16,54.515068,30.325399
16,54.515003,30.325451
16,54.514938,30.3255
16,54.514866,30.325521
16,54.514595,30.325468
16,54.513737,30.32518
15,54.513424,30.324949
16,54.513248,30.324697
15,54.512997,30.324268
16,54.512836,30.324146
16,54.51276,30.324116
16,54.51268,30.324118
16,54.512508,30.324196
15,54.512337,30.324354
14,54.51165,30.325432
14,54.510269,30.327869
15,54.510021,30.328522
15,54.509937,30.329157
16,54.509911,30.330128
15,54.509892,30.332354
13,54.510052,30.337959
15,54.510269,30.341883
15,54.510551,30.345909
14,54.51091,30.348164
14,54.511806,30.353409
14,54.51226,30.357941
13,54.512478,30.361399
13,54.512501,30.361723
13,54.512554,30.3626
14,54.512711,30.364475
15,54.512745,30.369913
15,54.512745,30.371977
15,54.512707,30.372272
14,54.512684,30.372374
16,54.51268,30.372389
14,54.51268,30.372389
14,54.512684,30.372513
16,54.512646,30.373184
15,54.512562,30.374426
13,54.512165,30.379814
15,54.512016,30.381809
15,54.511978,30.382334
15,54.511974,30.38242
13,54.511963,30.382654
14,54.511921,30.383247
15,54.511814,30.384604
15,54.511803,30.385633
15,54.51189,30.386087
14,54.512547,30.388809
15,54.51268,30.389326
14,54.512768,30.389683
15,54.512756,30.389856
16,54.51273,30.389935
15,54.512466,30.390526
15,54.512085,30.391455
15,54.511955,30.392021
13,54.511719,30.393845
12,54.511681,30.3946
14,54.511627,30.395088
14,54.511555,30.395781
14,54.511456,30.396645
13,54.511215,30.398613
15,54.511139,30.399469
15,54.511112,30.399656
15,54.511082,30.399754
14,54.511009,30.399813
14,54.510937,30.399836
13,54.510883,30.39983
15,54.510494,30.39974
13,54.510132,30.399662
14,54.509377,30.399467
14,54.508167,30.399065
15,54.508083,30.398979
16,54.508034,30.398869
16,54.507957,30.398663
15,54.50766,30.398228
16,54.50618,30.396244
15,54.504009,30.39345
16,54.503929,30.393229
15,54.503895,30.392984
14,54.50346,30.388384
14,54.503441,30.388308
14,54.503395,30.388264
15,54.50333,30.388268
15,54.50317,30.388268
14,54.502522,30.3881
14,54.50248,30.388155
15,54.50246,30.38825
16,54.502342,30.388737
15,54.5023,30.38888
15,54.502293,30.388895
15,54.502277,30.389046
16,54.502254,30.389122
15,54.50222,30.389174
16,54.502148,30.389257
14,54.50201,30.389351
16,54.501942,30.389412
15,54.501617,30.389631
14,54.501545,30.389648
15,54.501396,30.389584
14,54.501339,30.38957
15,54.50124,30.389544
14,54.50119,30.389473
13,54.501186,30.389391
14,54.501194,30.389219
11,54.501194,30.389219
11,54.501194,30.389219
12,54.501194,30.389219
13,54.501194,30.389219
12,54.501194,30.389219
14,54.501194,30.389219
11,54.501194,30.389219
11,54.501194,30.389219
12,54.501194,30.389219
16,54.501194,30.389219
17,54.501194,30.389219
13,54.501194,30.389219
15,54.501194,30.389219
17,54.501194,30.389219
14,54.501194,30.389219
14,54.501194,30.389219
15,54.501194,30.389219
16,54.501194,30.389219
16,54.501217,30.389536
16,54.501266,30.389559
17,54.501362,30.389578
17,54.501419,30.389627
17,54.501472,30.389648
17,54.501564,30.389637
16,54.501751,30.389542
16,54.502178,30.389206
17,54.502228,30.389141
17,54.502262,30.389055
18,54.502342,30.388729
17,54.502441,30.38814
17,54.502483,30.388083
18,54.502525,30.388079
16,54.503304,30.388346
16,54.503372,30.38835
17,54.503426,30.388378
18,54.503468,30.388466
18,54.503479,30.38855
18,54.503529,30.389677
18,54.503975,30.393488
17,54.50404,30.393614
18,54.505089,30.395044
16,54.506523,30.396801
17,54.507004,30.397436
17,54.5079,30.398714
17,54.508087,30.398998
16,54.508244,30.399136
16,54.508587,30.3993
17,54.509548,30.399569
14,54.511036,30.399942
17,54.511082,30.399948
18,54.511143,30.400063
15,54.511345,30.40053
13,54.511566,30.400867
14,54.511871,30.401316
14,54.511963,30.401428
14,54.512016,30.401489
14,54.512177,30.401726
15,54.51239,30.402021
16,54.513077,30.402863
15,54.513268,30.402996
17,54.513474,30.403103
17,54.513577,30.403177
17,54.513603,30.4032
17,54.51363,30.403233
17,54.513641,30.403341
15,54.513626,30.403456
15,54.513535,30.404062
17,54.513401,30.404499
17,54.513329,30.404566
16,54.513287,30.404579
18,54.512985,30.404535
17,54.512039,30.404486
18,54.510696,30.404364
18,54.510529,30.404417
19,54.510498,30.40448
17,54.510479,30.404568
15,54.510189,30.406092
15,54.510159,30.406219
16,54.510151,30.406261
15,54.510006,30.406994
15,54.50988,30.407625
15,54.509518,30.409212
15,54.50877,30.412674
15,54.508682,30.412897
15,54.508564,30.413044
16,54.508339,30.413219
15,54.50782,30.413471
13,54.507374,30.413691
11,54.507214,30.413881
11,54.507092,30.414116
12,54.507,30.414383
13,54.506989,30.414534
13,54.506973,30.414854
12,54.507008,30.416313
11,54.506985,30.417219
11,54.506973,30.41745
10,54.506935,30.417553
13,54.506874,30.417549
14,54.506809,30.417469
12,54.506676,30.417292
11,54.506271,30.416691
11,54.504604,30.414696
11,54.504147,30.414135
11,54.503456,30.413166
12,54.503357,30.413036
11,54.503063,30.412645
10,54.502388,30.411692
11,54.50156,30.410395
11,54.50148,30.410248
11,54.501476,30.410139
11,54.501526,30.410078
12,54.501595,30.409983
13,54.50161,30.409906
13,54.501583,30.409809
12,54.50135,30.409269
11,54.501228,30.409031
11,54.50124,30.408937
12,54.501286,30.408875
12,54.501362,30.408777
13,54.501514,30.408581
14,54.501587,30.408594
13,54.501602,30.408628
13,54.501602,30.408628
14,54.501602,30.408628
15,54.501602,30.408628
15,54.501602,30.408628
16,54.501602,30.408628
14,54.501602,30.408628
15,54.501602,30.408628
16,54.501602,30.408628
16,54.501602,30.408628
15,54.501602,30.408628
13,54.501602,30.408628
15,54.50145,30.408588
15,54.501442,30.408581
12,54.501278,30.408787
12,54.501213,30.408823
12,54.501194,30.408905
13,54.501118,30.409029
13,54.501041,30.409096
15,54.501007,30.409086
15,54.500946,30.409016
13,54.500782,30.408802
14,54.500008,30.407949
13,54.498272,30.405767
12,54.497807,30.40521
11,54.496231,30.403257
12,54.495468,30.402319
14,54.494633,30.401321
14,54.494511,30.401161
14,54.494495,30.40114
15,54.494358,30.400955
14,54.494301,30.400963
15,54.494232,30.401064
14,54.494087,30.401394
14,54.493984,30.401634
12,54.493423,30.402811
12,54.493378,30.402969
13,54.493332,30.403051
13,54.493279,30.403055
14,54.493214,30.402996
15,54.49263,30.402069
16,54.492378,30.401634
13,54.491684,30.400537
11,54.490276,30.398451
12,54.490234,30.398392
13,54.490185,30.398417
12,54.490108,30.398554
12,54.49004,30.398668
15,54.489971,30.398737
15,54.489906,30.398712
16,54.48975,30.398468
16,54.489166,30.397552
15,54.489151,30.397541
16,54.489151,30.397541
15,54.489151,30.397541
15,54.489151,30.397541
18,54.489151,30.397541
14,54.489151,30.397541
16,54.489151,30.397541
17,54.489151,30.397541
15,54.489174,30.397438
16,54.489109,30.397429
15,54.489006,30.397486
15,54.488956,30.397512
16,54.488899,30.39752
15,54.488846,30.397459
15,54.488834,30.397444
14,54.488804,30.397427
15,54.488773,30.397341
17,54.488735,30.397282
17,54.488701,30.39727
16,54.488564,30.397081
16,54.487885,30.396069
17,54.487869,30.395979
17,54.487915,30.395832
13,54.488407,30.394924
15,54.488468,30.394926
16,54.488514,30.394995
14,54.488934,30.395634
16,54.488983,30.395658
17,54.489258,30.395702
17,54.4893,30.395657
17,54.490803,30.392702
18,54.490868,30.392694
19,54.49102,30.392778
19,54.491055,30.392815
18,54.491096,30.392775
18,54.491219,30.39266
19,54.491302,30.392481
19,54.491371,30.392387
19,54.49136,30.392294
18,54.491306,30.392298
19,54.49128,30.39237
18,54.491245,30.392462
16,54.491245,30.392462
16,54.491245,30.392462
18,54.491245,30.392462
17,54.491245,30.392462
17,54.491245,30.392462
18,54.491245,30.392462
16,54.491245,30.392462
19,54.491245,30.392462
15,54.491245,30.392462
14,54.491245,30.392462
15,54.491245,30.392462
12,54.491245,30.392462
15,54.491245,30.392462
15,54.491245,30.392462
16,54.491245,30.392462
15,54.491245,30.392462
16,54.491245,30.392462
14,54.491226,30.392462
15,54.491245,30.392462
17,54.491245,30.392462
15,54.491245,30.392462
17,54.491245,30.392462
17,54.491245,30.392462
14,54.491245,30.392462
16,54.491245,30.392462
16,54.491245,30.392462
15,54.491245,30.392462
15,54.491245,30.392462
18,54.491169,30.392746
17,54.491138,30.392807
15,54.491089,30.392836
16,54.491043,30.392834
16,54.490871,30.392756
16,54.490826,30.392784
16,54.490776,30.392826
15,54.490734,30.392881
15,54.489212,30.395742
15,54.489147,30.395767
14,54.48896,30.395744
16,54.488892,30.395723
16,54.488831,30.395649
15,54.488415,30.394981
15,54.488354,30.394999
15,54.488304,30.395061
15,54.487797,30.395992
16,54.487774,30.396059
17,54.487778,30.396154
17,54.487812,30.396219
17,54.487888,30.396341
17,54.488277,30.396887
17,54.488491,30.397224
16,54.48856,30.397263
17,54.488659,30.397358
16,54.488659,30.397358
16,54.488892,30.397532
18,54.489037,30.397526
18,54.489086,30.397564
18,54.489376,30.397963
17,54.489883,30.398769
17,54.489933,30.398808
16,54.489979,30.398769
13,54.490417,30.397976
12,54.490417,30.397976
14,54.490417,30.397976
15,54.490417,30.397976
15,54.490417,30.397976
13,54.490543,30.397778
13,54.490585,30.39761
14,54.490917,30.397015
15,54.491196,30.396461
15,54.491226,30.396404
17,54.491291,30.396437
17,54.49136,30.396505
17,54.491592,30.396765
17,54.491867,30.397175
15,54.493279,30.399303
15,54.493343,30.399412
17,54.493378,30.399466
15,54.493378,30.399466
15,54.493504,30.399672
17,54.493584,30.39983
16,54.494045,30.400551
17,54.494133,30.400669
17,54.494156,30.400698
16,54.494167,30.400719
15,54.49424,30.400806
17,54.49448,30.401096
15,54.494705,30.401367
13,54.495197,30.402
17,54.49575,30.402643
17,54.495865,30.402884
17,54.495975,30.402967
17,54.496044,30.402933
17,54.496128,30.402784
15,54.496346,30.402325
15,54.496445,30.402214
15,54.496498,30.402185
16,54.496555,30.402176
16,54.496613,30.402189
13,54.497044,30.402418
15,54.499039,30.403667
17,54.499207,30.403646
16,54.499359,30.403543
17,54.499592,30.403286
16,54.500286,30.402376
17,54.500439,30.402342
15,54.500759,30.402449
15,54.500847,30.402485
16,54.50124,30.40262
16,54.501678,30.402742
15,54.503082,30.402954
17,54.50399,30.403257
17,54.505711,30.403923
17,54.506115,30.403862
18,54.506985,30.403746
17,54.509773,30.404329
17,54.510555,30.404406
18,54.512478,30.404598
17,54.512566,30.404623
17,54.512627,30.404633
18,54.512665,30.404633
17,54.512821,30.404655
17,54.512859,30.404665
17,54.512875,30.404659
17,54.51289,30.404659
18,54.513077,30.404669
17,54.513111,30.404667
16,54.513172,30.404669
17,54.513454,30.404661
17,54.5135,30.404625
16,54.513538,30.404573
17,54.513561,30.404505
18,54.51358,30.404352
14,54.513657,30.403524
13,54.513695,30.403498
11,54.513721,30.403454
13,54.513718,30.403324
16,54.513695,30.403193
17,54.51363,30.403099
15,54.513561,30.403061
16,54.5135,30.40304
16,54.513458,30.403028
16,54.513367,30.402969
16,54.512943,30.402613
15,54.512074,30.401493
16,54.511677,30.400942
15,54.511318,30.400442
16,54.5112,30.400099
17,54.511158,30.399853
17,54.511147,30.39959
13,54.511238,30.398638
17,54.51152,30.395868
15,54.511524,30.3957
15,54.511566,30.395182
16,54.511639,30.394474
16,54.511673,30.394087
15,54.511803,30.392912
16,54.512005,30.391649
16,54.512199,30.391071
15,54.512444,30.390602
15,54.512562,30.390369
15,54.512589,30.39032
15,54.512589,30.39032
15,54.512589,30.39032
16,54.512669,30.390142
16,54.512772,30.389919
16,54.512768,30.389793
16,54.512745,30.389673
16,54.512596,30.389091
16,54.512363,30.388107
15,54.511787,30.385544
16,54.51178,30.385202
17,54.511929,30.382456
17,54.511948,30.382271
17,54.511993,30.381863
18,54.512012,30.381626
18,54.512054,30.380976
18,54.512249,30.378256
18,54.512371,30.376204
17,54.512783,30.370811
18,54.512787,30.365208
18,54.512566,30.361938
18,54.512531,30.361628
18,54.512474,30.360941
17,54.51231,30.359249
17,54.511768,30.353783
17,54.510963,30.348534
17,54.510361,30.343584
17,54.510151,30.337961
18,54.510052,30.333916
18,54.509937,30.329201
18,54.510029,30.328316
18,54.510204,30.327824
18,54.510612,30.327076
18,54.512283,30.324249
18,54.512478,30.32411
18,54.512672,30.324062
18,54.512772,30.324123
18,54.512856,30.324177
18,54.512928,30.324244
18,54.513496,30.325026
17,54.513721,30.325174
17,54.514549,30.325382
17,54.514805,30.325455
17,54.514927,30.325445
17,54.514984,30.325407
18,54.515045,30.325354
18,54.515148,30.325188
18,54.515224,30.324974
18,54.515282,30.324711
18,54.515312,30.324396
17,54.51535,30.32353
17,54.515469,30.322872
18,54.515739,30.321957
17,54.516495,30.320208
18,54.517288,30.318516
18,54.518814,30.316671
18,54.519619,30.316048
18,54.521542,30.31485
18,54.521923,30.314373
18,54.522205,30.313858
18,54.522564,30.312778
18,54.523777,30.307558
17,54.524975,30.30253
17,54.525566,30.300161
18,54.526855,30.295109
17,54.528236,30.290049
17,54.529743,30.28513
19,54.531296,30.28031
18,54.532726,30.275393
19,54.533833,30.270191
19,54.534924,30.265074
19,54.535648,30.259596
17,54.536182,30.254168
18,54.536774,30.248646
18,54.537361,30.243109
19,54.537704,30.239828
19,54.537846,30.239225
19,54.537888,30.23913
19,54.537933,30.239065
18,54.537975,30.239052
19,54.538185,30.238903
19,54.538296,30.238731
19,54.538395,30.238499
19,54.538509,30.238083
19,54.538555,30.237803
19,54.538555,30.237543
19,54.538521,30.236986
18,54.53854,30.236868
19,54.538616,30.236639
19,54.538864,30.236137
19,54.539574,30.234907
19,54.541615,30.232727
19,54.542683,30.231972
19,54.545769,30.230604
19,54.548225,30.229656
19,54.548756,30.229513
19,54.548946,30.229544
19,54.549122,30.229633
19,54.549274,30.229805
19,54.549389,30.230036
19,54.549465,30.230291
19,54.549492,30.230577
19,54.549484,30.230869
19,54.549438,30.231159
19,54.549343,30.231428
18,54.549213,30.231634
19,54.549049,30.23176
19,54.548859,30.2318
18,54.54866,30.231806
18,54.548473,30.231644
18,54.54829,30.231413
18,54.548183,30.231199
19,54.548111,30.230949
17,54.547894,30.229458
19,54.547577,30.226967
19,54.546749,30.221581
18,54.546017,30.216167
19,54.545223,30.210646
17,54.544518,30.205078
19,54.543713,30.199848
19,54.543095,30.196766
17,54.542229,30.19413
17,54.540169,30.189896
19,54.538074,30.185684
18,54.535984,30.181534
18,54.533852,30.17729
19,54.531704,30.172979
19,54.529625,30.168797
18,54.527523,30.164648
17,54.52544,30.160461
16,54.523319,30.156305
17,54.521168,30.152023
16,54.519051,30.147833
17,54.516895,30.143656
19,54.514664,30.139177
18,54.512527,30.134979
18,54.510468,30.130856
18,54.508411,30.126564
17,54.50729,30.123207
17,54.506447,30.118399
19,54.505653,30.113144
17,54.504902,30.107771
16,54.504192,30.102367
16,54.503513,30.097033
17,54.502716,30.091587
19,54.502239,30.086227
18,54.501862,30.080688
18,54.501526,30.075209
16,54.501167,30.069611
18,54.50082,30.063864
19,54.500462,30.058331
20,54.500103,30.052891
20,54.499744,30.050009
20,54.498501,30.045219
19,54.496986,30.040199
19,54.49551,30.035257
19,54.494083,30.030424
19,54.492752,30.025484
19,54.49194,30.020254
18,54.491188,30.014936
18,54.490425,30.009659
19,54.48962,30.004246
20,54.488815,29.998608
20,54.488033,29.993311
20,54.487251,29.987812
18,54.486458,29.982435
19,54.485664,29.976961
19,54.484886,29.971703
18,54.484116,29.966316
16,54.483337,29.960857
16,54.482544,29.955355
18,54.481731,29.949955
17,54.480968,29.94462
17,54.480186,29.939302
17,54.479404,29.933891
18,54.478634,29.928581
15,54.477795,29.923153
18,54.477032,29.917721
18,54.476212,29.912291
18,54.475422,29.906841
18,54.474667,29.901331
19,54.474022,29.895966
17,54.473652,29.890345
18,54.473488,29.884693
18,54.473564,29.879013
19,54.473869,29.873629
16,54.474453,29.868023
18,54.475212,29.862543
15,54.476219,29.857294
17,54.477257,29.85195
16,54.478416,29.846233
17,54.479202,29.840763
18,54.479607,29.835392
17,54.479607,29.829744
17,54.479214,29.824249
18,54.478642,29.818817
15,54.478001,29.813234
19,54.477211,29.807726
14,54.476131,29.802441
14,54.474976,29.797321
13,54.473812,29.792162
12,54.472569,29.786692
13,54.471264,29.781179
16,54.470097,29.776012
15,54.46891,29.770807
17,54.467747,29.765688
18,54.466541,29.760454
19,54.465397,29.755356
18,54.464298,29.750139
17,54.463371,29.744961
19,54.462585,29.739084
17,54.461994,29.733656
18,54.461498,29.728016
18,54.46104,29.722649
19,54.460575,29.717125
19,54.460083,29.711506
19,54.45961,29.705877
19,54.458973,29.700592
18,54.458115,29.695114
19,54.457024,29.689751
17,54.455841,29.684561
17,54.454609,29.679398
19,54.453415,29.674389
17,54.452229,29.669304
15,54.450954,29.664139
19,54.449612,29.659189
17,54.448112,29.65432
16,54.44659,29.649405
17,54.445011,29.64443
16,54.443443,29.639469
15,54.441933,29.634682
14,54.440388,29.629736
13,54.439049,29.624664
13,54.43803,29.619555
16,54.437134,29.61412
14,54.436314,29.608654
17,54.435604,29.60314
11,54.434902,29.597775
13,54.434143,29.592295
16,54.433414,29.586945
16,54.432652,29.581419
14,54.431911,29.576002
15,54.431133,29.570538
16,54.430199,29.565126
14,54.429138,29.559828
14,54.428013,29.554777
15,54.426842,29.549494
15,54.425652,29.544188
13,54.424507,29.538982
13,54.423363,29.533855
16,54.422047,29.528765
14,54.420429,29.523933
14,54.418629,29.519341
14,54.416607,29.514809
14,54.414703,29.510359
16,54.412888,29.505928
15,54.411049,29.501259
16,54.409462,29.496569
14,54.408089,29.491508
13,54.406895,29.486284
13,54.405781,29.480947
13,54.404751,29.475573
14,54.403656,29.470463
15,54.402576,29.465223
12,54.401596,29.459969
15,54.400761,29.454519
12,54.400043,29.449209
13,54.399422,29.443867
13,54.398827,29.438444
13,54.398144,29.43309
13,54.397442,29.4277
13,54.396622,29.42227
13,54.395664,29.417042
14,54.3946,29.411684
13,54.39349,29.406626
14,54.392406,29.401524
14,54.391285,29.396408
15,54.390163,29.391214
16,54.389038,29.385975
16,54.387905,29.380749
16,54.386791,29.375572
13,54.385632,29.370308
13,54.384678,29.36511
13,54.383812,29.359667
13,54.383095,29.354231
15,54.382366,29.348759
15,54.381649,29.343245
16,54.380909,29.337818
17,54.380016,29.332438
15,54.378876,29.326862
13,54.377621,29.321856
13,54.37624,29.316933
13,54.374722,29.312181
15,54.373337,29.307159
12,54.372379,29.301992
15,54.371761,29.296663
15,54.371502,29.291058
15,54.371574,29.285587
13,54.371677,29.280182
13,54.371742,29.274643
13,54.37183,29.269039
13,54.371948,29.263487
14,54.372112,29.258095
14,54.372169,29.252455
14,54.372292,29.246859
13,54.372353,29.241413
15,54.372517,29.235676
13,54.372669,29.229156
15,54.372704,29.223721
14,54.372547,29.218124
14,54.372272,29.212746
15,54.371632,29.207426
14,54.370827,29.201927
15,54.369946,29.196634
15,54.369064,29.191032
15,54.368202,29.185705
15,54.367317,29.180344
15,54.366482,29.174864
14,54.365612,29.169626
15,54.364632,29.164339
15,54.363434,29.159328
14,54.361984,29.15435
14,54.360355,29.149366
14,54.358688,29.144463
14,54.35709,29.139778
15,54.355381,29.135212
15,54.353558,29.130571
15,54.351536,29.126129
15,54.349327,29.121954
13,54.346962,29.118223
13,54.344437,29.114748
14,54.341888,29.111399
15,54.339325,29.107897
13,54.336979,29.104061
15,54.334675,29.099998
16,54.332687,29.095724
16,54.330833,29.091171
14,54.329048,29.086426
13,54.327366,29.081661
13,54.325378,29.076107
14,54.323807,29.071398
17,54.322155,29.066561
17,54.320541,29.061913
17,54.318748,29.056843
16,54.31707,29.052011
16,54.315506,29.047056
12,54.314148,29.04192
15,54.313068,29.036791
15,54.312122,29.031351
16,54.311207,29.026026
14,54.310406,29.020653
14,54.309677,29.015171
12,54.308815,29.009502
15,54.30801,29.004251
12,54.30706,28.999012
13,54.30595,28.993765
14,54.304985,28.988377
14,54.304012,28.983232
16,54.303009,28.977892
17,54.30238,28.97261
14,54.301987,28.96706
14,54.301502,28.96174
14,54.301136,28.956112
14,54.30072,28.950712
11,54.30019,28.944761
12,54.299831,28.939383
12,54.299374,28.933781
15,54.299019,28.928337
15,54.298706,28.922945
14,54.298073,28.916889
16,54.297276,28.911613
16,54.296494,28.906282
17,54.295654,28.901087
16,54.294785,28.895638
13,54.293995,28.890238
14,54.293022,28.884645
13,54.292171,28.879234
15,54.291531,28.873844
17,54.291416,28.868248
17,54.291279,28.862617
17,54.291157,28.856977
16,54.291054,28.851377
16,54.290638,28.845888
17,54.290165,28.840237
17,54.289646,28.834717
16,54.289204,28.829176
17,54.289364,28.823523
18,54.289585,28.818094
18,54.289848,28.812611
18,54.290066,28.806948
19,54.290264,28.801491
17,54.290554,28.796131
17,54.29089,28.789898
16,54.291138,28.784338
18,54.291409,28.778749
19,54.291679,28.773264
18,54.291924,28.767801
19,54.292095,28.762239
17,54.291843,28.758505
18,54.291512,28.756907
18,54.290188,28.752853
18,54.288139,28.748556
15,54.286018,28.744499
17,54.283878,28.740322
16,54.281815,28.736155
16,54.279705,28.731983
15,54.277554,28.727808
16,54.275372,28.723602
14,54.273205,28.719463
17,54.271751,28.71608
16,54.270836,28.712822
15,54.270355,28.709129
16,54.270306,28.703648
17,54.270283,28.698271
15,54.270077,28.694124
18,54.269684,28.690758
15,54.269524,28.689796
14,54.269543,28.689507
14,54.269569,28.689356
15,54.269604,28.689283
16,54.269672,28.689226
16,54.269764,28.689196
15,54.269871,28.689207
15,54.26997,28.689264
15,54.270031,28.689341
16,54.270077,28.689444
16,54.270092,28.68956
15,54.270096,28.689659
18,54.270096,28.689659
17,54.270096,28.689659
15,54.270096,28.689659
17,54.270096,28.689659
17,54.270096,28.689659
16,54.270195,28.690134
18,54.270252,28.690504
16,54.270287,28.690641
15,54.270351,28.690773
15,54.270401,28.690836
17,54.270489,28.690903
17,54.270538,28.690922
16,54.270596,28.690918
16,54.270657,28.690889
16,54.270729,28.690826
15,54.270775,28.690739
16,54.270828,28.690559
17,54.27084,28.690439
17,54.27084,28.690332
17,54.270786,28.689653
15,54.270592,28.688957
16,54.270546,28.688862
15,54.270485,28.688816
15,54.27042,28.688797
15,54.270206,28.688772
13,54.270061,28.688828
17,54.269798,28.689005
16,54.269539,28.689026
17,54.269447,28.688982
15,54.269371,28.688866
15,54.269348,28.688772
17,54.26923,28.688128
14,54.268978,28.686785
14,54.268711,28.685427
15,54.268238,28.683344
15,54.266895,28.678457
17,54.26532,28.674585
18,54.263294,28.670942
16,54.260845,28.668024
17,54.25827,28.666054
17,54.255207,28.66448
17,54.252182,28.66293
17,54.249096,28.661377
15,54.246166,28.659338
14,54.243298,28.656769
12,54.240486,28.653833
13,54.2379,28.650427
14,54.235477,28.646688
15,54.233055,28.64291
14,54.230602,28.639135
15,54.22826,28.635511
14,54.225842,28.631752
16,54.223412,28.628004
17,54.220982,28.624168
17,54.218555,28.620447
16,54.216137,28.616766
16,54.213596,28.613317
15,54.211075,28.610085
15,54.20845,28.606945
15,54.2057,28.603928
16,54.202736,28.600849
18,54.199982,28.597891
17,54.197205,28.594995
17,54.19453,28.592136
16,54.191841,28.589293
17,54.189087,28.586418
15,54.186367,28.583559
12,54.183502,28.580936
14,54.180565,28.578526
13,54.177616,28.576279
14,54.174679,28.57399
16,54.171745,28.571774
16,54.168842,28.569572
15,54.165913,28.567265
15,54.162979,28.565075
13,54.160053,28.562813
14,54.157162,28.560577
13,54.15427,28.558184
13,54.151398,28.555632
13,54.148499,28.552946
13,54.145714,28.550249
13,54.142853,28.547396
12,54.140076,28.544315
16,54.137398,28.541256
16,54.13472,28.537949
15,54.132168,28.534744
14,54.129684,28.531431
14,54.127205,28.528128
14,54.124466,28.524525
14,54.121792,28.521231
13,54.11908,28.518154
12,54.116379,28.515368
14,54.113617,28.512419
14,54.110828,28.509504
15,54.108055,28.506638
15,54.105358,28.503798
14,54.102654,28.500988
14,54.099941,28.498131
11,54.09721,28.495264
12,54.094318,28.492231
13,54.091496,28.489283
14,54.088692,28.486296
14,54.08596,28.483425
13,54.083271,28.4806
15,54.080524,28.477678
15,54.077862,28.474607
14,54.075203,28.471277
14,54.072685,28.467731
14,54.070175,28.464073
14,54.067738,28.460253
17,54.06546,28.456394
13,54.063229,28.452303
15,54.061096,28.448215
17,54.05899,28.444241
18,54.056816,28.440088
15,54.054695,28.435909
14,54.052612,28.431841
13,54.05061,28.427284
15,54.048759,28.422651
15,54.047138,28.417786
15,54.045738,28.412872
13,54.044346,28.4079
17,54.04295,28.402964
15,54.041527,28.398094
15,54.040138,28.393122
18,54.03878,28.388117
14,54.037491,28.383005
16,54.036312,28.37756
17,54.035301,28.372364
15,54.034412,28.367121
15,54.033707,28.361904
17,54.032986,28.356379
16,54.032253,28.350876
14,54.031509,28.34536
17,54.030773,28.339788
16,54.030022,28.334539
15,54.029316,28.329241
14,54.028637,28.324005
15,54.027885,28.318693
13,54.027214,28.313427
16,54.026573,28.308014
15,54.026047,28.302715
13,54.025639,28.297398
15,54.025223,28.291862
14,54.024826,28.28653
19,54.02441,28.281033
18,54.023991,28.275656
18,54.023548,28.270287
19,54.023102,28.264694
16,54.022697,28.259388
18,54.022289,28.254011
18,54.021862,28.248604
18,54.021488,28.243267
18,54.021053,28.237736
19,54.020638,28.232307
18,54.020187,28.226788
18,54.019688,28.221231
18,54.019127,28.215738
18,54.018391,28.210327
18,54.017586,28.20491
17,54.016632,28.199566
17,54.015602,28.19437
17,54.014351,28.188709
18,54.013103,28.183676
18,54.011772,28.178741
17,54.010399,28.173923
17,54.008881,28.169199
19,54.007267,28.164572
18,54.005611,28.159988
18,54.00383,28.155066
17,54.002197,28.15044
16,54.000645,28.145502
18,53.999138,28.140501
18,53.997845,28.135546
18,53.99659,28.130527
19,53.995327,28.125402
19,53.994125,28.120399
19,53.992882,28.115271
17,53.991604,28.110003
18,53.990345,28.104765
17,53.989056,28.099617
18,53.987709,28.094561
19,53.986328,28.089657
19,53.984745,28.084732
17,53.983086,28.080048
19,53.981369,28.075346
20,53.979568,28.070705
20,53.977833,28.066248
19,53.976105,28.061726
18,53.974415,28.057161
19,53.972771,28.052336
18,53.971218,28.047468
17,53.96978,28.042515
16,53.96838,28.037537
18,53.966938,28.032513
18,53.965469,28.027533
18,53.964104,28.022701
19,53.9627,28.017729
20,53.961212,28.012474
17,53.959728,28.007524
15,53.958294,28.002554
17,53.956882,27.997549
18,53.955502,27.992702
18,53.953934,27.987848
18,53.95203,27.983147
17,53.950043,27.978901
20,53.947781,27.975101
17,53.945316,27.971449
17,53.942745,27.968349
18,53.940033,27.96557
18,53.937145,27.963268
17,53.934048,27.961357
17,53.931011,27.959867
16,53.927643,27.958298
16,53.924606,27.956865
16,53.92141,27.955412
16,53.918205,27.953857
17,53.915165,27.95245
14,53.912086,27.951
16,53.908981,27.949551
15,53.905811,27.948082
15,53.902554,27.946508
15,53.899372,27.944996
14,53.896313,27.943623
16,53.893143,27.942112
17,53.889782,27.940531
18,53.88662,27.938721
19,53.883587,27.936693
19,53.881001,27.934587
17,53.878178,27.931767
18,53.875549,27.928696
19,53.872997,27.925316
17,53.870667,27.92173
16,53.868507,27.917845
15,53.866398,27.913801
16,53.864281,27.909763
17,53.862118,27.905624
18,53.860008,27.901489
18,53.857803,27.897251
17,53.855724,27.89324
17,53.853439,27.888788
17,53.851288,27.88463
17,53.849102,27.880428
17,53.84692,27.876257
17,53.844765,27.872053
19,53.842636,27.867918
18,53.840569,27.863886
17,53.83847,27.859858
17,53.836319,27.855652
17,53.834156,27.85148
18,53.832016,27.847296
19,53.829884,27.843151
18,53.82777,27.839046
18,53.825607,27.834949
18,53.823372,27.830872
19,53.821167,27.826899
19,53.819023,27.82296
18,53.816883,27.819044
19,53.814701,27.815123
19,53.812523,27.811171
17,53.810226,27.806957
20,53.808189,27.802675
20,53.806385,27.798275
19,53.804749,27.79368
20,53.803303,27.788836
19,53.802071,27.783873
20,53.801018,27.77862
20,53.800014,27.773252
17,53.799026,27.7679
19,53.798092,27.762819
16,53.797119,27.757425
16,53.796173,27.752197
19,53.795185,27.747009
16,53.79422,27.741703
15,53.793213,27.736526
19,53.791927,27.731615
19,53.79023,27.726101
20,53.788486,27.72142
20,53.786533,27.716921
19,53.784184,27.71228
18,53.781944,27.708124
15,53.779728,27.704096
19,53.777473,27.699816
17,53.775291,27.695839
15,53.773075,27.691648
14,53.770916,27.687721
14,53.76873,27.683651
16,53.76643,27.679392
18,53.764233,27.675343
20,53.762115,27.67128
18,53.760048,27.66704
16,53.758144,27.662477
16,53.756496,27.657734
16,53.75489,27.653116
15,53.753113,27.648693
16,53.751205,27.644423
14,53.749081,27.640503
17,53.746948,27.63629
16,53.745094,27.631901
18,53.743477,27.627184
19,53.742062,27.622248
20,53.740932,27.617182
20,53.740055,27.611855
19,53.739479,27.606619
19,53.738899,27.601112
18,53.738377,27.595707
20,53.73782,27.590204
19,53.737274,27.584845
19,53.736702,27.579309
19,53.736115,27.573822
19,53.735611,27.568342
20,53.735065,27.562916
19,53.734535,27.557606
18,53.733982,27.552164
19,53.733437,27.546907
20,53.73283,27.541677
20,53.732006,27.536364
19,53.730999,27.531183
18,53.729801,27.526264
19,53.728439,27.521429
18,53.727623,27.518639
18,53.727165,27.517057
20,53.72694,27.516226
21,53.726952,27.515949
21,53.726986,27.515697
21,53.727062,27.515471
21,53.727119,27.515369
20,53.727253,27.515221
20,53.727406,27.515129
20,53.727562,27.515114
18,53.727852,27.515308
19,53.728035,27.515575
17,53.728287,27.516106
18,53.72834,27.516365
19,53.728359,27.516644
19,53.728317,27.516912
19,53.728233,27.517164
19,53.728107,27.517349
20,53.727955,27.51746
21,53.727695,27.517559
17,53.726788,27.517738
18,53.726074,27.517904
21,53.722874,27.518433
20,53.719688,27.518578
19,53.71645,27.518965
19,53.713234,27.519554
20,53.710068,27.520325
20,53.707939,27.521885
19,53.70509,27.524258
20,53.702969,27.525709
19,53.70137,27.526173
21,53.699516,27.526108
20,53.697895,27.525568
19,53.696087,27.524403
21,53.694588,27.522896
19,53.693287,27.520901
19,53.691185,27.516834
20,53.688751,27.513254
20,53.686058,27.510302
21,53.683247,27.507435
19,53.68045,27.504599
20,53.677689,27.501665
20,53.67511,27.498592
19,53.672482,27.495352
20,53.669647,27.492014
20,53.666927,27.488792
19,53.6642,27.485598
20,53.661587,27.482489
21,53.658974,27.479397
20,53.656307,27.476313
20,53.653641,27.473278
20,53.650711,27.470724
20,53.647728,27.468773
19,53.64465,27.467537
17,53.641373,27.466873
19,53.638069,27.466677
20,53.634819,27.466461
20,53.631626,27.46632
20,53.628464,27.466127
18,53.625278,27.46595
17,53.622093,27.465731
18,53.618816,27.465534
18,53.615555,27.46533
14,53.612282,27.465128
19,53.608978,27.464888
19,53.605812,27.464745
19,53.602612,27.464586
19,53.599438,27.464373
20,53.596237,27.464203
19,53.593014,27.464487
20,53.589787,27.465452
18,53.586613,27.466404
19,53.583347,27.46736
19,53.580177,27.468195
19,53.576923,27.469025
18,53.573647,27.469872
18,53.570522,27.470695
19,53.567284,27.471546
19,53.565796,27.471905
19,53.565102,27.472063
19,53.564949,27.472111
19,53.564796,27.472002
19,53.56414,27.471317
19,53.564075,27.471302
19,53.564026,27.471319
17,53.563995,27.471348
17,53.563995,27.471348
18,53.563995,27.471348
19,53.563892,27.471304
19,53.563858,27.471252
18,53.563812,27.471188
17,53.56377,27.471146
17,53.563709,27.47113
19,53.563572,27.471161
19,53.56345,27.471239
19,53.563431,27.471312
19,53.563438,27.471365
18,53.563442,27.471416
18,53.563442,27.4715
18,53.563416,27.471624
18,53.563377,27.471684
18,53.563332,27.471731
18,53.56329,27.471754
18,53.563229,27.471785
18,53.563206,27.471863
17,53.563202,27.471966
18,53.563206,27.472197
18,53.563202,27.472307
18,53.56319,27.472408
18,53.563164,27.472481
18,53.563118,27.472542
18,53.563068,27.472574
18,53.562859,27.472662
18,53.562611,27.472763
17,53.562031,27.472958
17,53.561062,27.473263
17,53.557804,27.474159
16,53.554665,27.474977
18,53.551418,27.475809
17,53.548199,27.476477
14,53.545036,27.47653
13,53.541901,27.476032
14,53.538734,27.475492
13,53.535503,27.475143
13,53.532204,27.474485
13,53.528927,27.473854
13,53.525772,27.473286
12,53.522537,27.472864
15,53.518856,27.472925
15,53.515659,27.473816
15,53.512466,27.474659
16,53.509205,27.475021
15,53.506008,27.474665
17,53.502876,27.473837
13,53.499844,27.472248
12,53.496792,27.470734
14,53.49366,27.469114
15,53.490311,27.467463
15,53.487186,27.465902
15,53.484062,27.464405
16,53.480839,27.463028
14,53.477699,27.462404
16,53.474445,27.462257
15,53.47131,27.462738
13,53.468212,27.463789
16,53.46508,27.46542
16,53.46217,27.467585
13,53.459457,27.470295
12,53.456745,27.473494
12,53.454124,27.476667
15,53.451565,27.479811
12,53.448887,27.482988
12,53.446289,27.486122
13,53.443592,27.488993
16,53.44067,27.491259
17,53.437538,27.492914
16,53.434341,27.494034
15,53.431149,27.494333
16,53.427959,27.494112
14,53.424786,27.493372
15,53.421543,27.491631
15,53.41853,27.48947
15,53.415562,27.486984
14,53.41259,27.484596
15,53.409473,27.482691
15,53.406315,27.481508
15,53.403175,27.480841
15,53.399853,27.480919
16,53.396606,27.481508
15,53.393364,27.482929
15,53.390259,27.484831
13,53.38699,27.486891
15,53.384003,27.488846
15,53.381069,27.490955
14,53.379623,27.492496
13,53.377125,27.496098
17,53.37471,27.499723
18,53.372246,27.503016
16,53.3694,27.505863
13,53.366402,27.508223
16,53.36335,27.510187
15,53.360378,27.512075
15,53.357277,27.514055
17,53.354202,27.515978
18,53.35117,27.517967
17,53.348175,27.519951
17,53.345119,27.521906
17,53.342079,27.523882
16,53.33881,27.525949
15,53.335819,27.527758
13,53.332623,27.529236
14,53.329556,27.530544
16,53.326279,27.532049
15,53.323112,27.533401
14,53.319962,27.534849
16,53.316833,27.536242
16,53.313618,27.537647
15,53.310532,27.539011
16,53.307472,27.540361
16,53.304428,27.541744
15,53.301346,27.543129
15,53.29818,27.544563
16,53.295071,27.545973
15,53.291874,27.547337
14,53.288696,27.548758
13,53.285713,27.549652
16,53.282539,27.549759
14,53.279362,27.549816
15,53.276192,27.549952
16,53.272934,27.549984
17,53.269733,27.550093
17,53.266525,27.550013
16,53.263363,27.550039
14,53.260208,27.550064
15,53.256977,27.550177
15,53.253674,27.550226
17,53.250462,27.550135
16,53.247295,27.550217
15,53.244137,27.550226
16,53.240887,27.550234
16,53.237675,27.550301
15,53.234493,27.550402
15,53.231277,27.55035
16,53.228035,27.550522
16,53.225353,27.550446
16,53.224007,27.55044
16,53.223042,27.55043
17,53.222183,27.550459
16,53.220428,27.550528
14,53.217403,27.550571
17,53.214214,27.550619
17,53.210941,27.550646
17,53.20768,27.550711
15,53.204155,27.550798
14,53.200893,27.550816
14,53.197681,27.550909
17,53.194519,27.550936
17,53.19133,27.550976
17,53.188103,27.551125
16,53.184944,27.551086
16,53.181732,27.551214
17,53.178566,27.551249
15,53.175289,27.551292
16,53.172005,27.551437
16,53.168797,27.551435
16,53.165607,27.551491
16,53.162354,27.551537
17,53.159046,27.55164
17,53.155746,27.551739
15,53.15258,27.551817
15,53.149319,27.551928
16,53.146038,27.551992
16,53.142834,27.551987
17,53.139622,27.552168
15,53.137627,27.55283
16,53.135891,27.554047
17,53.133228,27.5571
17,53.130695,27.559801
16,53.129005,27.560888
16,53.125782,27.562052
15,53.122532,27.563097
16,53.119301,27.564245
16,53.116146,27.56538
18,53.113014,27.566442
18,53.109825,27.567581
15,53.106632,27.568644
17,53.103485,27.569851
17,53.100395,27.570856
18,53.098309,27.571207
18,53.095142,27.570808
19,53.091904,27.57015
17,53.088715,27.569574
19,53.085445,27.568991
19,53.083866,27.568199
18,53.082245,27.566965
17,53.079468,27.564281
16,53.076649,27.561586
19,53.073933,27.558809
18,53.071724,27.556498
19,53.071007,27.555662
19,53.070755,27.55513
19,53.070183,27.553658
19,53.069515,27.5522
19,53.069218,27.55191
18,53.068996,27.551756
19,53.068638,27.551601
18,53.068382,27.551653
19,53.068027,27.551769
19,53.067757,27.552038
18,53.066708,27.553093
17,53.066254,27.553509
19,53.065781,27.553743
18,53.065414,27.553789
17,53.063885,27.553602
16,53.060661,27.553577
18,53.057423,27.553558
18,53.055801,27.553564
16,53.05291,27.554111
15,53.052589,27.554092
16,53.052429,27.553974
15,53.052223,27.553749
16,53.052044,27.553436
16,53.051956,27.553169
16,53.051861,27.552706
17,53.051441,27.550421
17,53.050842,27.545115
18,53.050533,27.542124
18,53.050026,27.536839
18,53.049606,27.532627
17,53.049545,27.531689
18,53.049519,27.531322
18,53.049591,27.530903
18,53.049725,27.530523
18,53.049702,27.530405
18,53.049568,27.530094
17,53.049274,27.52939
17,53.048641,27.528166
17,53.048428,27.527931
18,53.048115,27.527712
18,53.047791,27.527613
18,53.047615,27.527634
18,53.046875,27.52783
18,53.044552,27.528379
17,53.044342,27.528446
18,53.043774,27.528603
17,53.042793,27.528866
17,53.039623,27.529652
18,53.03899,27.529772
17,53.03886,27.529812
17,53.038258,27.529978
15,53.037827,27.530205
16,53.037533,27.5305
17,53.037369,27.530697
17,53.035229,27.534761
17,53.034512,27.535788
17,53.033745,27.536499
16,53.032337,27.537699
16,53.031704,27.538307
16,53.031025,27.538841
17,53.030853,27.53908
16,53.030788,27.539211
17,53.030708,27.539434
16,53.030643,27.539639
16,53.030483,27.540503
15,53.030159,27.542603
15,53.030029,27.543335
17,53.029537,27.5467
16,53.029503,27.546856
17,53.029491,27.546902
17,53.029449,27.547094
16,53.0294,27.547197
16,53.029362,27.547239
17,53.029282,27.547264
17,53.029198,27.547255
16,53.028999,27.547199
17,53.028942,27.547201
17,53.028889,27.547237
16,53.028843,27.547291
17,53.028778,27.547421
13,53.028214,27.548954
13,53.027683,27.550428
13,53.027206,27.55164
13,53.027103,27.551825
15,53.027103,27.551825
15,53.027035,27.551968
15,53.026718,27.552505
14,53.026402,27.553106
15,53.026314,27.553226
16,53.026192,27.553423
14,53.026089,27.553602
16,53.025898,27.553928
17,53.024837,27.555555
17,53.024536,27.555883
15,53.024357,27.555975
14,53.024311,27.555887
15,53.024303,27.555864
13,53.024303,27.555864
14,53.024303,27.555864
13,53.024303,27.555864
13,53.024303,27.555864
13,53.024303,27.555864
13,53.024303,27.555864
14,53.024303,27.555864
13,53.024303,27.555864
13,53.024303,27.555864
12,53.024303,27.555864
12,53.024303,27.555864
15,53.024303,27.555864
16,53.024303,27.555864
14,53.024303,27.555864
15,53.024303,27.555864
15,53.024303,27.555864
13,53.024303,27.555864
14,53.024303,27.555864
15,53.024303,27.555864
14,53.024303,27.555864
13,53.024303,27.555864
12,53.024303,27.555864
13,53.024303,27.555864
12,53.024303,27.555864
12,53.024303,27.555864
12,53.024303,27.555864
11,53.024303,27.555864
11,53.024303,27.555864
11,53.024303,27.555864
12,53.024303,27.555864
11,53.024303,27.555864
10,53.024303,27.555864
10,53.024303,27.555864
11,53.024303,27.555864
11,53.024303,27.555864
11,53.024303,27.555864
13,53.024303,27.555864
11,53.024303,27.555864
13,53.024303,27.555864
12,53.024303,27.555864
10,53.024303,27.555864
13,53.024303,27.555864
11,53.024303,27.555864
12,53.024303,27.555864
11,53.024303,27.555864
12,53.024303,27.555864
12,53.024303,27.555864
10,53.024303,27.555864
11,53.024303,27.555864
12,53.024303,27.555864
12,53.024303,27.555864
11,53.024303,27.555864
11,53.024303,27.555864
11,53.024303,27.555864
12,53.024303,27.555864
11,53.024303,27.555864
11,53.024303,27.555864
12,53.024303,27.555864
12,53.024303,27.555864
13,53.024303,27.555864
13,53.024303,27.555864
13,53.024303,27.555864
12,53.024303,27.555864
12,53.024303,27.555864
11,53.024303,27.555864
11,53.024303,27.555864
11,53.024303,27.555864
11,53.024303,27.555864
10,53.024303,27.555864
11,53.024303,27.555864
11,53.024303,27.555864
11,53.024303,27.555864
11,53.024303,27.555864
12,53.024303,27.555864
12,53.024303,27.555864
11,53.024303,27.555864
12,53.024303,27.555864
9,53.024303,27.555864
10,53.024303,27.555864
11,53.024303,27.555864
12,53.024303,27.555864
11,53.024303,27.555864
12,53.024303,27.555864
12,53.024303,27.555864
12,53.024303,27.555864
11,53.024303,27.555864
12,53.024303,27.555864
12,53.024303,27.555864
13,53.024303,27.555864
12,53.024303,27.555864
12,53.024303,27.555864
13,53.024303,27.555864
13,53.024303,27.555864
13,53.024303,27.555864
13,53.024303,27.555864
12,53.024303,27.555864
12,53.024303,27.555864
13,53.024303,27.555864
13,53.024303,27.555864
